2

0
0.000000
0.000000
0.000000
0.000000
0.000000
0.000000
0.000000
0.000000
0.000000
10.000000
-45.000000
0.000000
10.000000
20.000000
0.000000
0.000000
0.000000
0.000000
0.000000
-45.000000
0.000000
75.000000
75.000000
0.000000
75.000000
0.000000
0.000000

1
0.150000
0.000000
0.000000
0.000000
0.000000
0.000000
0.000000
0.000000
0.000000
10.000000
20.000000
0.000000
10.000000
-45.000000
0.000000
0.000000
-45.000000
0.000000
0.000000
0.000000
0.000000
75.000000
75.000000
75.000000
0.000000
0.000000
0.000000

2
0.300000
0.000000
0.000000
0.000000
0.000000
0.000000
0.000000
0.000000
0.000000
10.000000
-45.000000
0.000000
10.000000
20.000000
0.000000
0.000000
0.000000
0.000000
0.000000
-45.000000
0.000000
75.000000
75.000000
0.000000
75.000000
0.000000
0.000000

